1508100201 90 93.545 90
1508100202 95 97.233 90
1508100203 92 95.554 90
1508100204 90 91.332 90
1508100205 92 95.557 90
1508100206 92 95.117 90
1508100207 90 94.343 90
1508100208 90 92.112 90
1508100209 92 93.464 90
1508100210 90 92.212 90
1508100211 90 92.118 90
1508100212 92 96.558 90
1508100213 90 92.514 90
1508100214 90 92.223 90
1508100215 90 95.882 90
1508100216 90 91.310 90
1508100217 90 90.052 90
1508100218 90 95.320 90
1508100219 90 93.335 90
1508100220 90 93.315 90
1508100221 90 93.331 90
1508100222 90 94.121 90
1508100223 90 90.126 90
1508100224 90 92.225 90
1508100225 90 92.354 90
1508100226 90 93.332 90
1508100227 92 95.556 90
1508100228 90 93.245 90
1508100229 90 91.220 90
1508100230 92 96.770 90
1508100231 95 98.293 90